0 76 63 10 44 11 41 4 0 22 23 64 23 0 0 35 37 31 0 64 
76 0 42 0 34 44 35 27 65 35 50 59 0 32 53 9 33 0 80 4 
63 42 0 82 14 20 26 0 64 24 0 23 88 0 36 51 0 39 72 52 
10 0 82 0 44 0 32 62 0 30 35 0 87 0 57 78 8 70 74 45 
44 34 14 44 0 0 38 0 15 0 0 0 81 10 25 35 67 19 6 61 
11 44 20 0 0 0 59 0 36 45 22 20 5 53 85 16 0 0 9 50 
41 35 26 32 38 59 0 5 29 50 0 74 53 19 88 29 64 13 0 69 
4 27 0 62 0 0 5 0 0 86 70 59 30 76 0 52 59 61 15 61 
0 65 64 0 15 36 29 0 0 0 89 0 68 5 0 77 84 27 48 0 
22 35 24 30 0 45 50 86 0 0 0 89 56 34 20 15 47 0 27 72 
23 50 0 35 0 22 0 70 89 0 0 73 67 28 82 17 0 51 37 84 
64 59 23 0 0 20 74 59 0 89 73 0 29 86 0 61 86 9 0 41 
23 0 88 87 81 5 53 30 68 56 67 29 0 18 41 8 24 60 62 28 
0 32 0 0 10 53 19 76 5 34 28 86 18 0 83 31 50 51 0 47 
0 53 36 57 25 85 88 0 0 20 82 0 41 83 0 61 32 43 26 8 
35 9 51 78 35 16 29 52 77 15 17 61 8 31 61 0 65 14 0 19 
37 33 0 8 67 0 64 59 84 47 0 86 24 50 32 65 0 0 51 3 
31 0 39 70 19 0 13 61 27 0 51 9 60 51 43 14 0 0 0 9 
0 80 72 74 6 9 0 15 48 27 37 0 62 0 26 0 51 0 0 81 
64 4 52 45 61 50 69 61 0 72 84 41 28 47 8 19 3 9 81 0 
