0 63 1 41 26 89 90 24 16 64 17 38 55 72 87 44 55 3 16 73 
63 0 40 34 1 27 50 87 53 8 11 17 9 77 1 22 43 58 54 15 
1 40 0 90 48 58 69 74 17 23 50 4 17 20 55 68 14 58 32 38 
41 34 90 0 38 23 80 55 70 84 51 30 3 70 24 87 71 9 60 52 
26 1 48 38 0 12 48 89 56 77 46 60 31 11 12 30 82 84 78 1 
89 27 58 23 12 0 59 50 30 18 36 39 86 89 50 65 17 14 67 79 
90 50 69 80 48 59 0 81 45 74 14 88 50 29 24 50 58 5 76 65 
24 87 74 55 89 50 81 0 10 3 37 19 65 46 1 57 89 4 73 2 
16 53 17 70 56 30 45 10 0 25 46 4 11 85 38 51 74 59 44 44 
64 8 23 84 77 18 74 3 25 0 14 43 17 60 74 15 56 41 20 72 
17 11 50 51 46 36 14 37 46 14 0 21 25 24 13 26 69 6 85 22 
38 17 4 30 60 39 88 19 4 43 21 0 70 72 86 66 24 66 87 75 
55 9 17 3 31 86 50 65 11 17 25 70 0 48 80 35 22 67 79 83 
72 77 20 70 11 89 29 46 85 60 24 72 48 0 3 71 47 51 69 2 
87 1 55 24 12 50 24 1 38 74 13 86 80 3 0 89 35 38 56 86 
44 22 68 87 30 65 50 57 51 15 26 66 35 71 89 0 26 87 7 90 
55 43 14 71 82 17 58 89 74 56 69 24 22 47 35 26 0 82 26 22 
3 58 58 9 84 14 5 4 59 41 6 66 67 51 38 87 82 0 49 48 
16 54 32 60 78 67 76 73 44 20 85 87 79 69 56 7 26 49 0 66 
73 15 38 52 1 79 65 2 44 72 22 75 83 2 86 90 22 48 66 0 
