0 43 24 44 35 29 0 4 0 32 0 48 
43 0 0 0 18 0 31 31 30 0 0 0 
24 0 0 0 0 0 10 24 43 0 0 3 
44 0 0 0 0 0 21 4 17 0 0 0 
35 18 0 0 0 0 0 36 0 0 0 6 
29 0 0 0 0 0 0 6 0 0 20 47 
0 31 10 21 0 0 0 31 9 46 23 16 
4 31 24 4 36 6 31 0 36 21 0 0 
0 30 43 17 0 0 9 36 0 37 0 26 
32 0 0 0 0 0 46 21 37 0 42 0 
0 0 0 0 0 20 23 0 0 42 0 16 
48 0 3 0 6 47 16 0 26 0 16 0 
