0 0 33 0 0 54 18 59 43 53 0 31 21 6 0 60 0 48 0 26 
0 0 51 0 11 7 27 0 0 13 21 0 0 24 0 0 22 54 37 38 
33 51 0 0 0 40 0 0 9 22 0 15 46 11 0 18 26 59 26 43 
0 0 0 0 0 36 0 23 36 9 0 0 0 0 0 56 0 0 15 0 
0 11 0 0 0 0 0 26 0 36 55 18 0 0 15 0 0 0 27 0 
54 7 40 36 0 0 21 0 16 0 0 35 0 26 22 17 0 59 1 0 
18 27 0 0 0 21 0 0 23 2 56 43 0 0 0 55 30 0 3 17 
59 0 0 23 26 0 0 0 0 3 0 21 28 46 0 0 2 0 0 0 
43 0 9 36 0 16 23 0 0 0 22 0 0 0 0 0 0 33 0 0 
53 13 22 9 36 0 2 3 0 0 51 0 4 0 29 0 9 0 0 45 
0 21 0 0 55 0 56 0 22 51 0 0 0 38 0 0 20 16 41 0 
31 0 15 0 18 35 43 21 0 0 0 0 0 0 0 0 0 0 0 0 
21 0 46 0 0 0 0 28 0 4 0 0 0 52 0 0 0 19 0 25 
6 24 11 0 0 26 0 46 0 0 38 0 52 0 26 57 0 0 26 56 
0 0 0 0 15 22 0 0 0 29 0 0 0 26 0 16 41 16 56 0 
60 0 18 56 0 17 55 0 0 0 0 0 0 57 16 0 27 0 0 9 
0 22 26 0 0 0 30 2 0 9 20 0 0 0 41 27 0 0 37 23 
48 54 59 0 0 59 0 0 33 0 16 0 19 0 16 0 0 0 50 0 
0 37 26 15 27 1 3 0 0 0 41 0 0 26 56 0 37 50 0 23 
26 38 43 0 0 0 17 0 0 45 0 0 25 56 0 9 23 0 23 0 
