0 21 27 10 12 20 23 13 11 22 26 19 
21 0 1 21 5 11 1 11 16 1 6 12 
27 1 0 28 20 21 21 27 8 30 8 2 
10 21 28 0 26 22 18 10 27 10 1 22 
12 5 20 26 0 20 26 27 22 3 10 8 
20 11 21 22 20 0 12 3 8 15 14 23 
23 1 21 18 26 12 0 30 2 17 30 26 
13 11 27 10 27 3 30 0 1 12 13 5 
11 16 8 27 22 8 2 1 0 16 28 15 
22 1 30 10 3 15 17 12 16 0 11 30 
26 6 8 1 10 14 30 13 28 11 0 28 
19 12 2 22 8 23 26 5 15 30 28 0 
