0 48 36 17 58 33 35 63 43 69 25 18 36 34 32 
48 0 24 46 10 2 10 45 42 57 46 43 12 37 29 
36 24 0 60 13 1 34 27 33 38 54 45 48 12 55 
17 46 60 0 22 66 57 3 53 39 32 42 36 4 36 
58 10 13 22 0 12 47 53 10 19 5 17 50 33 41 
33 2 1 66 12 0 61 35 51 20 10 42 25 9 41 
35 10 34 57 47 61 0 65 70 48 37 37 37 31 55 
63 45 27 3 53 35 65 0 23 29 52 67 44 21 40 
43 42 33 53 10 51 70 23 0 23 44 58 51 35 26 
69 57 38 39 19 20 48 29 23 0 12 35 3 23 63 
25 46 54 32 5 10 37 52 44 12 0 4 6 33 48 
18 43 45 42 17 42 37 67 58 35 4 0 70 18 59 
36 12 48 36 50 25 37 44 51 3 6 70 0 26 23 
34 37 12 4 33 9 31 21 35 23 33 18 26 0 69 
32 29 55 36 41 41 55 40 26 63 48 59 23 69 0 
